4
360 40
360 46
180 41
180 37
4
179 36
177 59
146 60
145 36
4
145 62
150 64
149 110
144 110
4
235 42
261 43
260 112
234 112
4
360 112
360 117
118 117
119 111
4
359 44
365 43
366 307
361 306
4
368 64
367 78
469 85
470 73
4
366 121
367 128
382 113
380 109
4
382 94
381 110
399 112
401 95
4
367 148
368 155
452 163
452 158
4
365 177
366 184
448 192
447 186
4
366 275
367 268
415 269
414 274
4
408 275
416 275
415 310
409 309
4
343 158
360 158
361 167
343 166
4
112 116
120 116
111 234
117 234
4
117 217
117 224
360 218
361 224
4
122 159
122 167
192 165
192 158
4
230 120
238 130
256 131
265 119
4
239 131
236 199
256 199
257 131
4
237 149
225 161
235 176
246 162
4
259 150
270 163
257 177
252 163
4
275 160
276 165
309 164
309 159
4
197 159
199 164
225 165
226 157
4
237 200
228 214
265 213
256 199
4
192 117
197 118
193 234
198 234
4
145 205
151 204
145 237
152 236
4
165 264
172 264
166 273
173 272
4
235 262
240 262
234 273
240 273
4
255 262
262 261
255 275
259 275
4
320 262
325 263
318 272
323 273
4
309 223
313 223
309 237
315 237
4
241 223
250 224
242 312
255 311
4
280 195
283 219
310 214
309 197
4
110 35
111 43
69 45
68 35
4
66 44
73 44
67 50
75 51
4
65 47
61 38
44 61
41 55
4
44 68
33 68
39 58
44 61
4
134 65
134 71
51 72
51 66
4
42 74
34 75
40 191
31 191
4
40 196
34 196
37 311
30 311
4
39 235
39 239
131 235
131 242
4
128 241
133 241
129 272
134 272
4
129 272
136 272
142 277
138 280
4
144 280
141 280
138 312
145 312
4
79 314
83 313
78 287
81 287
4
36 310
35 318
365 314
366 320
4
367 311
369 320
414 310
413 320
4
41 319
46 318
42 340
48 341
4
28 313
34 314
29 387
34 387
4
29 388
37 388
44 444
47 438
4
45 445
50 439
95 463
96 458
4
78 317
85 318
77 430
83 429
4
78 430
85 429
95 460
100 454
4
101 457
102 465
208 457
209 464
4
210 452
211 465
229 463
229 455
4
200 396
174 396
174 416
198 418
4
240 319
253 318
243 393
254 394
4
200 394
201 399
314 393
314 397
4
311 393
317 394
317 351
311 351
4
252 348
253 353
423 353
422 348
4
418 324
428 326
419 405
426 405
4
427 407
428 412
403 414
402 410
4
396 417
401 418
394 474
401 474
4
397 454
397 463
264 463
265 457
4
241 394
258 394
241 450
257 449
4
232 452
267 450
260 463
237 463
4
237 465
257 466
260 502
234 502
